file.c@40
avio.c@296
avio.c@340
avio.c@206
ffserver.c@2543
ffserver.c@2544
ffserver.c@2474
ffserver.c@2518
aviobuf.c@167
aviobuf.c@168

after_softmax:0.3105

[1.6028406132865734e-05, 4.2977961943740536e-05, 0.0018137717071906843, 0.5662853246252627, 0.00048763112854211405, 0.007421629103721769, 0.0015111464976101522, 5.4780476628232034e-05, 0.004041099697937709, 0.41832561039503]
[0.14981333360540008, 0.0010972836754843075, 0.0005240788809527674, 0.0011683735393955464, 0.02929135910565358, 0.0009578355979791453, 0.09666168655144602, 0.0009401606995683148, 0.00015124678475472432, 0.7193946415593655]
[4.9429902400033533e-05, 0.16487780704297764, 4.8662807516123795e-05, 0.6819234434353255, 6.326690711168161e-05, 7.685974155697938e-06, 0.039420810431497685, 5.784086876052644e-05, 0.0005090904939174396, 0.11304196213633766]
[0.00021357224870400092, 0.012774431732343394, 0.21657998769156617, 0.0019018513486079981, 0.22319790881338425, 9.986737643610184e-05, 0.5006860011515463, 0.0008765046030541891, 0.041166315350263286, 0.0025035596840943474]
[0.008385433114775017, 0.024373686626523425, 0.00452117198818883, 0.01875665331271301, 0.014682006576305364, 0.48770816960624863, 0.006800130035702843, 0.20865221455392644, 0.18621530409193107, 0.03990523009368532]
[0.0013194175188261765, 0.0009260544187118993, 0.005869535001295579, 0.012583451264446845, 0.17369751299348415, 0.07011417935193105, 0.0024325462808740036, 0.5009180860135619, 0.21244275922421324, 0.019696457932655162]
[0.49972076255084685, 8.882556512604954e-05, 0.27595195331382605, 0.00035529114815092684, 0.011385240412906696, 0.06319899022393172, 0.00015987995798732424, 8.493982338344352e-05, 0.1490272557553607, 2.6861248480252598e-05]
[0.011910204371030218, 4.8400388197673684e-05, 8.934684796709149e-05, 0.06579331885854375, 0.0010494861613048329, 0.0008848350754294923, 0.8795829886306992, 0.03038213618493225, 0.0008852999399227577, 0.009373983541972757]
[0.0018336979043431804, 0.0001923512462375792, 0.7378988728646095, 0.015228840268402388, 0.0022718300095582672, 0.0056363926068156095, 0.002155432861649926, 0.02148779706502366, 0.21320159754536328, 9.318762799658296e-05]
[0.002153350540814657, 5.214930597807281e-05, 0.7455957862064942, 0.0073795226629054045, 0.0003127766657418997, 0.22537183194031177, 0.003827241588480911, 5.58209948926257e-05, 0.0001618393997926078, 0.015089680694587805]