file.c@40
avio.c@296
avio.c@322
sapdec.c@96
sapdec.c@142
mem.c@175
mem.c@178

after_softmax:0.8507

[0.03848749544268751, 0.03824486434976647, 0.27966493689031324, 0.05265987976378923, 0.049897862316390505, 0.47348985182934805, 0.067555109407705]
[0.006453423380138894, 0.04169143935683841, 0.03695799103720867, 0.2235555204790051, 0.14332817832323644, 0.003907290515388613, 0.5441061569081839]
[0.05014108603809641, 0.03888603487226308, 0.6165425897311554, 0.10322905345115078, 0.012628332255485115, 0.13555314980775052, 0.04301975384409873]
[0.16122321950308507, 0.10296415556049372, 0.052808524857487174, 0.09097470695836893, 0.03244997444096755, 0.423646491318152, 0.13593292736144558]
[0.00025010529574288215, 0.662908898631628, 0.015163359056490505, 0.011956035118746471, 0.05990596938428396, 0.0010615455199577458, 0.24875408699315038]
[0.4343254752275918, 0.001973051327678889, 0.016481119216475677, 0.014109085328410738, 0.010805978795782352, 0.013627922867333704, 0.5086773672367269]
[0.26375945734412637, 0.005431546927294919, 0.6646404207130845, 0.010137505990908322, 0.04016889408013468, 0.006394716772607991, 0.00946745817184323]