avio.c@322
rtmppkt.c@82
rtmppkt.c@85
rtmppkt.c@89
avio.c@329
avio.c@296
file.c@40

after_softmax:0.0729

[0.04449316422309267, 0.044248762532599184, 0.001992352375201292, 0.05333696176016634, 0.0014742791824233566, 0.8538167413069965, 0.0006377386195206879]
[0.06303761185637742, 0.019280845783942423, 0.5948353199005786, 0.006203625946796868, 0.31122610314797905, 0.0032375885667216098, 0.002178904797604037]
[0.04579313588537426, 0.1358301448912919, 0.013818548524346847, 0.7827729422005637, 0.009022771869838667, 0.006779192846099206, 0.005983263782485459]
[0.18294153154750986, 1.1097824722151634e-05, 0.015945615882718263, 0.0006164910347440333, 0.4767953312189497, 0.32231218194848826, 0.001377750542867747]
[0.15629414434566646, 0.13834200233523025, 0.0513313087842745, 0.29625275174156906, 0.03156114279789429, 0.15780766003075966, 0.16841098996460577]
[0.2034185406958127, 0.07977459707509188, 0.4687032966862442, 0.023560041312350608, 0.10611128672753427, 0.050955400159321984, 0.06747683734364437]
[0.02097390839469304, 0.5030585889697907, 0.09316176983954746, 0.12685425344956416, 0.021410840611858717, 0.03520468794620557, 0.1993359507883403]