ffmpeg.c@4351
ffmpeg.c@4354
ffmpeg.c@4364
cmdutils.c@404
mem.c@175
mem.c@178

after_softmax:0.6115


[5.446535414640484e-05, 0.0009089959178967422, 2.829732880131658e-05, 0.27657997741561574, 0.7221264655529046, 0.00030179843063518933]
[0.00036723544791550096, 3.3932143328694345e-05, 4.685167731289188e-05, 0.4143350593680213, 0.12942578388890505, 0.4557911374745166]
[0.1271771323068708, 0.025209642691015232, 0.012785107941339014, 0.003178714325677398, 0.28509985097631374, 0.5465495517587838]
[0.00031551771904065164, 0.02816832729702657, 0.030235000032904844, 0.5341930082175143, 0.355407521385524, 0.051680625347989714]
[0.033085469450946356, 0.038667015363198616, 0.05197708808284163, 0.7672837420267804, 0.030735417187574752, 0.07825126788865827]
[0.006472630647717959, 0.029023848008368023, 0.030492082905740236, 0.860489558834554, 0.04690887414650007, 0.026613005457119678]